time	time	departures_all	arrivals_all	stuck_all	en-route_all	departures_bike	arrivals_bike	stuck_bike	en-route_bike	departures_car	arrivals_car	stuck_car	en-route_car	departures_pedestrian	arrivals_pedestrian	stuck_pedestrian	en-route_pedestrian	departures_pt	arrivals_pt	stuck_pt	en-route_pt	departures_walk	arrivals_walk	stuck_walk	en-route_walk
00:00:00	0	0	0	0	0	0	0	0	0	0	0	0	0	0	0	0	0	0	0	0	0	0	0	0	0
00:05:00	300	0	0	0	0	0	0	0	0	0	0	0	0	0	0	0	0	0	0	0	0	0	0	0	0
00:10:00	600	0	0	0	0	0	0	0	0	0	0	0	0	0	0	0	0	0	0	0	0	0	0	0	0
00:15:00	900	0	0	0	0	0	0	0	0	0	0	0	0	0	0	0	0	0	0	0	0	0	0	0	0
00:20:00	1200	0	0	0	0	0	0	0	0	0	0	0	0	0	0	0	0	0	0	0	0	0	0	0	0
00:25:00	1500	0	0	0	0	0	0	0	0	0	0	0	0	0	0	0	0	0	0	0	0	0	0	0	0
00:30:00	1800	0	0	0	0	0	0	0	0	0	0	0	0	0	0	0	0	0	0	0	0	0	0	0	0
00:35:00	2100	0	0	0	0	0	0	0	0	0	0	0	0	0	0	0	0	0	0	0	0	0	0	0	0
00:40:00	2400	0	0	0	0	0	0	0	0	0	0	0	0	0	0	0	0	0	0	0	0	0	0	0	0
00:45:00	2700	0	0	0	0	0	0	0	0	0	0	0	0	0	0	0	0	0	0	0	0	0	0	0	0
00:50:00	3000	0	0	0	0	0	0	0	0	0	0	0	0	0	0	0	0	0	0	0	0	0	0	0	0
00:55:00	3300	0	0	0	0	0	0	0	0	0	0	0	0	0	0	0	0	0	0	0	0	0	0	0	0
01:00:00	3600	0	0	0	0	0	0	0	0	0	0	0	0	0	0	0	0	0	0	0	0	0	0	0	0
01:05:00	3900	0	0	0	0	0	0	0	0	0	0	0	0	0	0	0	0	0	0	0	0	0	0	0	0
01:10:00	4200	0	0	0	0	0	0	0	0	0	0	0	0	0	0	0	0	0	0	0	0	0	0	0	0
01:15:00	4500	0	0	0	0	0	0	0	0	0	0	0	0	0	0	0	0	0	0	0	0	0	0	0	0
01:20:00	4800	0	0	0	0	0	0	0	0	0	0	0	0	0	0	0	0	0	0	0	0	0	0	0	0
01:25:00	5100	0	0	0	0	0	0	0	0	0	0	0	0	0	0	0	0	0	0	0	0	0	0	0	0
01:30:00	5400	0	0	0	0	0	0	0	0	0	0	0	0	0	0	0	0	0	0	0	0	0	0	0	0
01:35:00	5700	0	0	0	0	0	0	0	0	0	0	0	0	0	0	0	0	0	0	0	0	0	0	0	0
01:40:00	6000	0	0	0	0	0	0	0	0	0	0	0	0	0	0	0	0	0	0	0	0	0	0	0	0
01:45:00	6300	0	0	0	0	0	0	0	0	0	0	0	0	0	0	0	0	0	0	0	0	0	0	0	0
01:50:00	6600	0	0	0	0	0	0	0	0	0	0	0	0	0	0	0	0	0	0	0	0	0	0	0	0
01:55:00	6900	0	0	0	0	0	0	0	0	0	0	0	0	0	0	0	0	0	0	0	0	0	0	0	0
02:00:00	7200	0	0	0	0	0	0	0	0	0	0	0	0	0	0	0	0	0	0	0	0	0	0	0	0
02:05:00	7500	0	0	0	0	0	0	0	0	0	0	0	0	0	0	0	0	0	0	0	0	0	0	0	0
02:10:00	7800	0	0	0	0	0	0	0	0	0	0	0	0	0	0	0	0	0	0	0	0	0	0	0	0
02:15:00	8100	0	0	0	0	0	0	0	0	0	0	0	0	0	0	0	0	0	0	0	0	0	0	0	0
02:20:00	8400	0	0	0	0	0	0	0	0	0	0	0	0	0	0	0	0	0	0	0	0	0	0	0	0
02:25:00	8700	0	0	0	0	0	0	0	0	0	0	0	0	0	0	0	0	0	0	0	0	0	0	0	0
02:30:00	9000	0	0	0	0	0	0	0	0	0	0	0	0	0	0	0	0	0	0	0	0	0	0	0	0
02:35:00	9300	0	0	0	0	0	0	0	0	0	0	0	0	0	0	0	0	0	0	0	0	0	0	0	0
02:40:00	9600	0	0	0	0	0	0	0	0	0	0	0	0	0	0	0	0	0	0	0	0	0	0	0	0
02:45:00	9900	0	0	0	0	0	0	0	0	0	0	0	0	0	0	0	0	0	0	0	0	0	0	0	0
02:50:00	10200	0	0	0	0	0	0	0	0	0	0	0	0	0	0	0	0	0	0	0	0	0	0	0	0
02:55:00	10500	0	0	0	0	0	0	0	0	0	0	0	0	0	0	0	0	0	0	0	0	0	0	0	0
03:00:00	10800	0	0	0	0	0	0	0	0	0	0	0	0	0	0	0	0	0	0	0	0	0	0	0	0
03:05:00	11100	0	0	0	0	0	0	0	0	0	0	0	0	0	0	0	0	0	0	0	0	0	0	0	0
03:10:00	11400	0	0	0	0	0	0	0	0	0	0	0	0	0	0	0	0	0	0	0	0	0	0	0	0
03:15:00	11700	0	0	0	0	0	0	0	0	0	0	0	0	0	0	0	0	0	0	0	0	0	0	0	0
03:20:00	12000	0	0	0	0	0	0	0	0	0	0	0	0	0	0	0	0	0	0	0	0	0	0	0	0
03:25:00	12300	0	0	0	0	0	0	0	0	0	0	0	0	0	0	0	0	0	0	0	0	0	0	0	0
03:30:00	12600	0	0	0	0	0	0	0	0	0	0	0	0	0	0	0	0	0	0	0	0	0	0	0	0
03:35:00	12900	0	0	0	0	0	0	0	0	0	0	0	0	0	0	0	0	0	0	0	0	0	0	0	0
03:40:00	13200	0	0	0	0	0	0	0	0	0	0	0	0	0	0	0	0	0	0	0	0	0	0	0	0
03:45:00	13500	0	0	0	0	0	0	0	0	0	0	0	0	0	0	0	0	0	0	0	0	0	0	0	0
03:50:00	13800	0	0	0	0	0	0	0	0	0	0	0	0	0	0	0	0	0	0	0	0	0	0	0	0
03:55:00	14100	0	0	0	0	0	0	0	0	0	0	0	0	0	0	0	0	0	0	0	0	0	0	0	0
04:00:00	14400	0	0	0	0	0	0	0	0	0	0	0	0	0	0	0	0	0	0	0	0	0	0	0	0
04:05:00	14700	0	0	0	0	0	0	0	0	0	0	0	0	0	0	0	0	0	0	0	0	0	0	0	0
04:10:00	15000	0	0	0	0	0	0	0	0	0	0	0	0	0	0	0	0	0	0	0	0	0	0	0	0
04:15:00	15300	0	0	0	0	0	0	0	0	0	0	0	0	0	0	0	0	0	0	0	0	0	0	0	0
04:20:00	15600	0	0	0	0	0	0	0	0	0	0	0	0	0	0	0	0	0	0	0	0	0	0	0	0
04:25:00	15900	0	0	0	0	0	0	0	0	0	0	0	0	0	0	0	0	0	0	0	0	0	0	0	0
04:30:00	16200	0	0	0	0	0	0	0	0	0	0	0	0	0	0	0	0	0	0	0	0	0	0	0	0
04:35:00	16500	0	0	0	0	0	0	0	0	0	0	0	0	0	0	0	0	0	0	0	0	0	0	0	0
04:40:00	16800	0	0	0	0	0	0	0	0	0	0	0	0	0	0	0	0	0	0	0	0	0	0	0	0
04:45:00	17100	0	0	0	0	0	0	0	0	0	0	0	0	0	0	0	0	0	0	0	0	0	0	0	0
04:50:00	17400	0	0	0	0	0	0	0	0	0	0	0	0	0	0	0	0	0	0	0	0	0	0	0	0
04:55:00	17700	0	0	0	0	0	0	0	0	0	0	0	0	0	0	0	0	0	0	0	0	0	0	0	0
05:00:00	18000	0	0	0	0	0	0	0	0	0	0	0	0	0	0	0	0	0	0	0	0	0	0	0	0
05:05:00	18300	0	0	0	0	0	0	0	0	0	0	0	0	0	0	0	0	0	0	0	0	0	0	0	0
05:10:00	18600	0	0	0	0	0	0	0	0	0	0	0	0	0	0	0	0	0	0	0	0	0	0	0	0
05:15:00	18900	0	0	0	0	0	0	0	0	0	0	0	0	0	0	0	0	0	0	0	0	0	0	0	0
05:20:00	19200	0	0	0	0	0	0	0	0	0	0	0	0	0	0	0	0	0	0	0	0	0	0	0	0
05:25:00	19500	0	0	0	0	0	0	0	0	0	0	0	0	0	0	0	0	0	0	0	0	0	0	0	0
05:30:00	19800	0	0	0	0	0	0	0	0	0	0	0	0	0	0	0	0	0	0	0	0	0	0	0	0
05:35:00	20100	0	0	0	0	0	0	0	0	0	0	0	0	0	0	0	0	0	0	0	0	0	0	0	0
05:40:00	20400	0	0	0	0	0	0	0	0	0	0	0	0	0	0	0	0	0	0	0	0	0	0	0	0
05:45:00	20700	0	0	0	0	0	0	0	0	0	0	0	0	0	0	0	0	0	0	0	0	0	0	0	0
05:50:00	21000	0	0	0	0	0	0	0	0	0	0	0	0	0	0	0	0	0	0	0	0	0	0	0	0
05:55:00	21300	0	0	0	0	0	0	0	0	0	0	0	0	0	0	0	0	0	0	0	0	0	0	0	0
06:00:00	21600	0	0	0	0	0	0	0	0	0	0	0	0	0	0	0	0	0	0	0	0	0	0	0	0
06:05:00	21900	0	0	0	0	0	0	0	0	0	0	0	0	0	0	0	0	0	0	0	0	0	0	0	0
06:10:00	22200	0	0	0	0	0	0	0	0	0	0	0	0	0	0	0	0	0	0	0	0	0	0	0	0
06:15:00	22500	0	0	0	0	0	0	0	0	0	0	0	0	0	0	0	0	0	0	0	0	0	0	0	0
06:20:00	22800	0	0	0	0	0	0	0	0	0	0	0	0	0	0	0	0	0	0	0	0	0	0	0	0
06:25:00	23100	0	0	0	0	0	0	0	0	0	0	0	0	0	0	0	0	0	0	0	0	0	0	0	0
06:30:00	23400	0	0	0	0	0	0	0	0	0	0	0	0	0	0	0	0	0	0	0	0	0	0	0	0
06:35:00	23700	0	0	0	0	0	0	0	0	0	0	0	0	0	0	0	0	0	0	0	0	0	0	0	0
06:40:00	24000	2	0	0	2	0	0	0	0	0	0	0	0	0	0	0	0	0	0	0	0	2	0	0	2
06:45:00	24300	3	1	0	4	0	0	0	0	1	0	0	1	0	0	0	0	0	0	0	0	2	1	0	3
06:50:00	24600	7	3	0	8	0	0	0	0	1	1	0	1	0	0	0	0	0	0	0	0	6	2	0	7
06:55:00	24900	7	1	0	14	0	0	0	0	1	0	0	2	0	0	0	0	0	0	0	0	6	1	0	12
07:00:00	25200	9	4	0	19	0	0	0	0	0	2	0	0	0	0	0	0	0	0	0	0	9	2	0	19
07:05:00	25500	23	3	0	39	0	0	0	0	0	0	0	0	3	0	0	3	0	0	0	0	20	3	0	36
07:10:00	25800	38	11	0	66	0	0	0	0	5	2	0	3	2	0	0	5	1	0	0	1	30	9	0	57
07:15:00	26100	54	31	0	89	1	0	0	1	4	4	0	3	1	0	0	6	15	2	0	14	33	25	0	65
07:20:00	26400	92	45	0	136	0	0	0	1	6	4	0	5	0	0	0	6	15	14	0	15	71	27	0	109
07:25:00	26700	148	93	0	191	4	1	0	4	13	8	0	10	8	0	0	14	34	16	0	33	89	68	0	130
07:30:00	27000	239	150	0	280	0	1	0	3	15	11	0	14	16	0	0	30	56	34	0	55	152	104	0	178
07:35:00	27300	282	216	0	346	3	1	0	5	25	14	0	25	16	0	0	46	64	57	0	62	174	144	0	208
07:40:00	27600	412	268	0	490	9	4	0	10	38	19	0	44	27	2	0	71	68	55	0	75	270	188	0	290
07:45:00	27900	679	492	0	677	17	3	0	24	114	49	0	109	35	2	0	104	91	74	0	92	422	364	0	348
07:50:00	28200	1026	709	0	994	32	6	0	50	211	74	0	246	34	6	0	132	89	89	0	92	660	534	0	474
07:55:00	28500	1399	1050	0	1343	72	19	0	103	374	106	0	514	45	15	0	162	93	82	0	103	815	828	0	461
08:00:00	28800	1480	1185	0	1638	80	29	0	154	398	173	0	739	43	23	0	182	84	68	0	119	875	892	0	444
08:05:00	29100	1422	1330	0	1730	73	64	0	163	336	233	0	842	24	43	0	163	82	81	0	120	907	909	0	442
08:10:00	29400	1353	1357	0	1726	50	58	0	155	290	267	0	865	22	40	0	145	91	91	0	120	900	901	0	441
08:15:00	29700	1157	1187	0	1696	63	63	0	155	265	215	0	915	5	30	0	120	85	67	0	138	739	812	0	368
08:20:00	30000	1026	1054	0	1668	51	48	0	158	218	207	0	926	9	38	0	91	69	66	0	141	679	695	0	352
08:25:00	30300	979	1014	0	1633	31	44	0	145	238	184	0	980	6	32	0	65	65	62	0	144	639	692	0	299
08:30:00	30600	874	932	0	1575	31	42	0	134	183	189	0	974	3	26	0	42	60	78	0	126	597	597	0	299
08:35:00	30900	761	799	0	1537	34	31	0	137	165	137	0	1002	1	16	0	27	69	73	0	122	492	542	0	249
08:40:00	31200	639	662	0	1514	26	30	0	133	144	136	0	1010	1	8	0	20	57	33	0	146	411	455	0	205
08:45:00	31500	556	580	0	1490	24	17	0	140	121	132	0	999	0	5	0	15	42	46	0	142	369	380	0	194
08:50:00	31800	504	553	0	1441	21	25	0	136	96	113	0	982	2	7	0	10	38	45	0	135	347	363	0	178
08:55:00	32100	429	482	0	1388	14	24	0	126	94	112	0	964	1	2	0	9	34	35	0	134	286	309	0	155
09:00:00	32400	380	418	0	1350	13	23	0	116	70	98	0	936	0	1	0	8	36	27	0	143	261	269	0	147
09:05:00	32700	375	464	0	1261	12	17	0	111	66	121	0	881	2	2	0	8	32	35	0	140	263	289	0	121
09:10:00	33000	284	368	0	1177	10	21	0	100	50	94	0	837	0	2	0	6	25	23	0	142	199	228	0	92
09:15:00	33300	218	286	0	1109	5	8	0	97	32	79	0	790	0	1	0	5	20	22	0	140	161	176	0	77
09:20:00	33600	224	262	0	1071	4	6	0	95	33	74	0	749	1	2	0	4	18	28	0	130	168	152	0	93
09:25:00	33900	246	328	0	989	7	18	0	84	27	81	0	695	0	2	0	2	26	44	0	112	186	183	0	96
09:30:00	34200	278	388	0	879	7	13	0	78	31	98	0	628	2	1	0	3	16	56	0	72	222	220	0	98
09:35:00	34500	199	265	0	813	5	13	0	70	29	69	0	588	2	1	0	4	17	16	0	73	146	166	0	78
09:40:00	34800	157	221	0	749	1	6	0	65	17	67	0	538	0	2	0	2	14	16	0	71	125	130	0	73
09:45:00	35100	171	206	0	714	2	7	0	60	24	43	0	519	4	1	0	5	20	31	0	60	121	124	0	70
09:50:00	35400	172	210	0	676	0	8	0	52	24	51	0	492	2	0	0	7	21	27	0	54	125	124	0	71
09:55:00	35700	157	225	0	608	0	4	0	48	18	56	0	454	1	1	0	7	20	34	0	40	118	130	0	59
10:00:00	36000	163	178	0	593	0	3	0	45	22	40	0	436	2	2	0	7	17	27	0	30	122	106	0	75
10:05:00	36300	206	235	0	564	0	7	0	38	25	56	0	405	3	2	0	8	31	30	0	31	147	140	0	82
10:10:00	36600	178	241	0	501	1	2	0	37	20	73	0	352	4	1	0	11	20	27	0	24	133	138	0	77
10:15:00	36900	172	208	0	465	0	6	0	31	24	47	0	329	2	3	0	10	18	25	0	17	128	127	0	78
10:20:00	37200	151	193	0	423	0	1	0	30	23	48	0	304	0	3	0	7	24	20	0	21	104	121	0	61
10:25:00	37500	151	164	0	410	0	0	0	30	24	39	0	289	3	1	0	9	15	25	0	11	109	99	0	71
10:30:00	37800	159	176	0	393	0	2	0	28	30	43	0	276	1	1	0	9	21	16	0	16	107	114	0	64
10:35:00	38100	153	169	0	377	0	1	0	27	24	43	0	257	1	2	0	8	18	17	0	17	110	106	0	68
10:40:00	38400	144	161	0	360	0	0	0	27	20	36	0	241	6	2	0	12	20	20	0	17	98	103	0	63
10:45:00	38700	140	161	0	339	0	0	0	27	19	42	0	218	3	1	0	14	18	17	0	18	100	101	0	62
10:50:00	39000	132	148	0	323	0	1	0	26	16	31	0	203	1	3	0	12	22	21	0	19	93	92	0	63
10:55:00	39300	155	155	0	323	0	0	0	26	25	30	0	198	1	6	0	7	23	20	0	22	106	99	0	70
11:00:00	39600	158	178	0	303	0	2	0	24	23	41	0	180	1	1	0	7	25	23	0	24	109	111	0	68
11:05:00	39900	151	156	0	298	0	2	0	22	22	29	0	173	1	2	0	6	18	27	0	15	110	96	0	82
11:10:00	40200	139	156	0	281	0	1	0	21	22	40	0	155	2	0	0	8	16	18	0	13	99	97	0	84
11:15:00	40500	148	156	0	273	0	3	0	18	26	27	0	154	3	1	0	10	23	20	0	16	96	105	0	75
11:20:00	40800	142	140	0	275	0	1	0	17	20	30	0	144	3	3	0	10	26	19	0	23	93	87	0	81
11:25:00	41100	150	158	0	267	0	0	0	17	21	23	0	142	2	2	0	10	28	29	0	22	99	104	0	76
11:30:00	41400	148	152	0	263	0	0	0	17	26	24	0	144	3	1	0	12	28	28	0	22	91	99	0	68
11:35:00	41700	131	141	0	253	0	0	0	17	19	24	0	139	0	3	0	9	17	24	0	15	95	90	0	73
11:40:00	42000	130	137	0	246	0	0	0	17	21	23	0	137	1	4	0	6	24	19	0	20	84	91	0	66
11:45:00	42300	121	120	0	247	0	0	0	17	25	19	0	143	0	2	0	4	11	21	0	10	85	78	0	73
11:50:00	42600	117	119	0	245	0	0	0	17	20	28	0	135	1	0	0	5	21	12	0	19	75	79	0	69
11:55:00	42900	139	122	0	262	0	0	0	17	27	17	0	145	2	0	0	7	22	22	0	19	88	83	0	74
12:00:00	43200	134	120	0	276	0	0	0	17	26	23	0	148	1	1	0	7	14	20	0	13	93	76	0	91
12:05:00	43500	120	131	0	265	0	0	0	17	23	26	0	145	3	0	0	10	22	14	0	21	72	91	0	72
12:10:00	43800	150	151	0	264	0	0	0	17	25	28	0	142	3	1	0	12	22	23	0	20	100	99	0	73
12:15:00	44100	149	156	0	257	0	2	0	15	23	32	0	133	2	4	0	10	23	22	0	21	101	96	0	78
12:20:00	44400	130	147	0	240	0	1	0	14	20	24	0	129	4	2	0	12	17	25	0	13	89	95	0	72
12:25:00	44700	135	138	0	237	0	0	0	14	16	25	0	120	2	2	0	12	24	18	0	19	93	93	0	72
12:30:00	45000	155	156	0	236	0	1	0	13	29	34	0	115	2	2	0	12	22	21	0	20	102	98	0	76
12:35:00	45300	143	158	0	221	0	0	0	13	23	31	0	107	3	1	0	14	20	21	0	19	97	105	0	68
12:40:00	45600	121	135	0	207	0	0	0	13	16	26	0	97	6	2	0	18	17	21	0	15	82	86	0	64
12:45:00	45900	112	117	0	202	0	3	0	10	14	17	0	94	1	4	0	15	16	16	0	15	81	77	0	68
12:50:00	46200	127	133	0	196	0	1	0	9	23	24	0	93	3	4	0	14	21	16	0	20	80	88	0	60
12:55:00	46500	132	134	0	194	0	1	0	8	19	33	0	79	1	2	0	13	17	20	0	17	95	78	0	77
13:00:00	46800	119	137	0	176	0	2	0	6	21	23	0	77	3	2	0	14	19	18	0	18	76	92	0	61
13:05:00	47100	135	137	0	174	0	3	0	3	27	23	0	81	1	2	0	13	19	21	0	16	88	88	0	61
13:10:00	47400	143	145	0	172	0	2	0	1	20	42	0	59	3	4	0	12	10	17	0	9	110	80	0	91
13:15:00	47700	137	161	0	148	0	1	0	0	21	34	0	46	3	4	0	11	24	14	0	19	89	108	0	72
13:20:00	48000	124	134	0	138	0	0	0	0	17	27	0	36	2	1	0	12	17	18	0	18	88	88	0	72
13:25:00	48300	144	149	0	133	0	0	0	0	26	27	0	35	2	2	0	12	25	25	0	18	91	95	0	68
13:30:00	48600	126	131	0	128	0	0	0	0	18	30	0	23	2	1	0	13	19	17	0	20	87	83	0	72
13:35:00	48900	122	135	0	115	0	0	0	0	18	23	0	18	0	3	0	10	23	23	0	20	81	86	0	67
13:40:00	49200	141	142	0	114	0	0	0	0	25	24	0	19	4	1	0	13	18	21	0	17	94	96	0	65
13:45:00	49500	131	120	0	125	0	0	0	0	25	21	0	23	0	3	0	10	16	19	0	14	90	77	0	78
13:50:00	49800	139	141	0	123	0	0	0	0	18	24	0	17	1	4	0	7	28	22	0	20	92	91	0	79
13:55:00	50100	117	128	0	112	0	0	0	0	23	18	0	22	2	2	0	7	16	20	0	16	76	88	0	67
14:00:00	50400	114	129	0	97	0	0	0	0	16	24	0	14	4	2	0	9	21	17	0	20	73	86	0	54
14:05:00	50700	128	114	0	111	0	0	0	0	22	15	0	21	3	1	0	11	22	22	0	20	81	76	0	59
14:10:00	51000	115	110	0	116	0	0	0	0	18	19	0	20	4	1	0	14	15	21	0	14	78	69	0	68
14:15:00	51300	131	131	0	116	0	0	0	0	21	25	0	16	3	3	0	14	18	16	0	16	89	87	0	70
14:20:00	51600	159	140	0	135	0	0	0	0	26	20	0	22	3	3	0	14	31	20	0	27	99	97	0	72
14:25:00	51900	147	145	0	137	0	0	0	0	20	23	0	19	3	3	0	14	22	34	0	15	102	85	0	89
14:30:00	52200	140	141	0	136	0	0	0	0	27	20	0	26	2	2	0	14	27	20	0	22	84	99	0	74
14:35:00	52500	135	150	0	121	0	0	0	0	23	26	0	23	4	4	0	14	18	23	0	17	90	97	0	67
14:40:00	52800	128	136	0	113	0	0	0	0	24	27	0	20	1	3	0	12	18	17	0	18	85	89	0	63
14:45:00	53100	102	101	0	114	0	0	0	0	14	16	0	18	2	1	0	13	15	17	0	16	71	67	0	67
14:50:00	53400	123	122	0	115	0	0	0	0	23	20	0	21	1	1	0	13	24	18	0	22	75	83	0	59
14:55:00	53700	141	147	0	109	0	0	0	0	30	23	0	28	1	5	0	9	17	22	0	17	93	97	0	55
15:00:00	54000	123	138	0	94	0	0	0	0	21	27	0	22	2	1	0	10	21	22	0	16	79	88	0	46
15:05:00	54300	107	104	0	97	0	0	0	0	21	20	0	23	1	2	0	9	12	14	0	14	73	68	0	51
15:10:00	54600	113	116	0	94	0	0	0	0	21	22	0	22	0	2	0	7	17	18	0	13	75	74	0	52
15:15:00	54900	108	112	0	90	0	0	0	0	21	24	0	19	1	0	0	8	14	12	0	15	72	76	0	48
15:20:00	55200	114	112	0	92	0	0	0	0	24	19	0	24	3	3	0	8	9	16	0	8	78	74	0	52
15:25:00	55500	105	105	0	92	0	0	0	0	21	28	0	17	0	0	0	8	8	11	0	5	76	66	0	62
15:30:00	55800	97	98	0	91	0	0	0	0	16	20	0	13	1	0	0	9	17	10	0	12	63	68	0	57
15:35:00	56100	119	110	0	100	0	0	0	0	21	17	0	17	4	4	0	9	20	15	0	17	74	74	0	57
15:40:00	56400	108	101	0	107	0	0	0	0	20	17	0	20	0	0	0	9	13	20	0	10	75	64	0	68
15:45:00	56700	101	96	0	112	0	0	0	0	16	19	0	17	3	2	0	10	19	11	0	18	63	64	0	67
15:50:00	57000	134	132	0	114	0	0	0	0	18	16	0	19	5	3	0	12	26	25	0	19	85	88	0	64
15:55:00	57300	125	116	0	123	1	0	0	1	20	18	0	21	3	2	0	13	16	21	0	14	85	75	0	74
16:00:00	57600	115	125	0	113	0	0	0	1	17	24	0	14	3	3	0	13	15	17	0	12	80	81	0	73
16:05:00	57900	122	110	0	125	1	1	0	1	16	19	0	11	3	0	0	16	23	16	0	19	79	74	0	78
16:10:00	58200	143	130	0	138	1	0	0	2	24	13	0	22	1	3	0	14	26	22	0	23	91	92	0	77
16:15:00	58500	186	171	0	153	1	1	0	2	36	24	0	34	0	4	0	10	37	30	0	30	112	112	0	77
16:20:00	58800	207	186	0	174	4	2	0	4	29	29	0	34	1	2	0	9	36	37	0	29	137	116	0	98
16:25:00	59100	225	205	0	194	2	3	0	3	44	35	0	43	2	2	0	9	28	29	0	28	149	136	0	111
16:30:00	59400	276	242	0	228	8	1	0	10	50	46	0	47	3	3	0	9	37	30	0	35	178	162	0	127
16:35:00	59700	350	282	0	296	10	1	0	19	83	39	0	91	4	0	0	13	42	34	0	43	211	208	0	130
16:40:00	60000	333	332	0	297	8	7	0	20	61	72	0	80	4	4	0	13	33	47	0	29	227	202	0	155
16:45:00	60300	362	323	0	336	8	7	0	21	77	46	0	111	1	3	0	11	45	36	0	38	231	231	0	155
16:50:00	60600	448	400	0	384	12	9	0	24	91	86	0	116	1	1	0	11	58	33	0	63	286	271	0	170
16:55:00	60900	492	445	0	431	21	10	0	35	91	73	0	134	5	1	0	15	62	56	0	69	313	305	0	178
17:00:00	61200	530	471	0	490	9	9	0	35	113	85	0	162	5	4	0	16	48	61	0	56	355	312	0	221
17:05:00	61500	610	536	0	564	26	15	0	46	132	90	0	204	4	2	0	18	75	45	0	86	373	384	0	210
17:10:00	61800	716	629	0	651	26	25	0	47	138	125	0	217	5	3	0	20	68	71	0	83	479	405	0	284
17:15:00	62100	827	710	0	768	26	19	0	54	211	118	0	310	10	3	0	27	70	53	0	100	510	517	0	277
17:20:00	62400	940	785	0	923	42	23	0	73	213	147	0	376	12	3	0	36	81	53	0	128	592	559	0	310
17:25:00	62700	1021	820	0	1124	44	21	0	96	255	146	0	485	21	5	0	52	72	36	0	164	629	612	0	327
17:30:00	63000	1163	902	0	1385	56	28	0	124	292	141	0	636	30	3	0	79	83	52	0	195	702	678	0	351
17:35:00	63300	1269	1069	0	1585	52	36	0	140	300	212	0	724	34	7	0	106	103	46	0	252	780	768	0	363
17:40:00	63600	1312	1077	0	1820	58	38	0	160	314	187	0	851	43	18	0	131	94	36	0	310	803	798	0	368
17:45:00	63900	1420	1127	0	2113	56	36	0	180	343	202	0	992	35	16	0	150	99	60	0	349	887	813	0	442
17:50:00	64200	1639	1339	0	2413	85	40	0	225	390	229	0	1153	50	26	0	174	111	57	0	403	1003	987	0	458
17:55:00	64500	1783	1385	0	2811	76	53	0	248	443	218	0	1378	47	28	0	193	118	64	0	457	1099	1022	0	535
18:00:00	64800	1044	1091	0	2764	51	41	0	258	230	199	0	1409	13	37	0	169	133	43	0	547	617	771	0	381
18:05:00	65100	632	886	0	2510	9	50	0	217	77	206	0	1280	1	48	0	122	84	62	0	569	461	520	0	322
18:10:00	65400	479	742	0	2247	4	39	0	182	54	171	0	1163	0	38	0	84	59	43	0	585	362	451	0	233
18:15:00	65700	364	581	0	2030	1	19	0	164	33	147	0	1049	0	24	0	60	31	63	0	553	299	328	0	204
18:20:00	66000	321	496	0	1855	3	14	0	153	32	121	0	960	0	29	0	31	23	50	0	526	263	282	0	185
18:25:00	66300	186	316	0	1725	1	8	0	146	25	71	0	914	1	13	0	19	16	21	0	521	143	203	0	125
18:30:00	66600	138	218	0	1645	1	8	0	139	15	48	0	881	1	6	0	14	16	12	0	525	105	144	0	86
18:35:00	66900	133	164	0	1614	0	5	0	134	27	36	0	872	5	4	0	15	9	5	0	529	92	114	0	64
18:40:00	67200	143	175	0	1582	1	4	0	131	20	40	0	852	0	3	0	12	12	28	0	513	110	100	0	74
18:45:00	67500	131	155	0	1558	0	3	0	128	25	42	0	835	2	3	0	11	10	4	0	519	94	103	0	65
18:50:00	67800	131	147	0	1542	0	5	0	123	17	38	0	814	1	3	0	9	25	6	0	538	88	95	0	58
18:55:00	68100	137	150	0	1529	0	2	0	121	19	39	0	794	3	1	0	11	23	13	0	548	92	95	0	55
19:00:00	68400	104	130	0	1503	0	0	0	121	11	39	0	766	0	2	0	9	10	14	0	544	83	75	0	63
19:05:00	68700	99	124	0	1478	0	3	0	118	13	22	0	757	2	3	0	8	22	9	0	557	62	87	0	38
19:10:00	69000	106	101	0	1483	0	3	0	115	15	24	0	748	2	1	0	9	18	8	0	567	71	65	0	44
19:15:00	69300	87	95	0	1475	0	2	0	113	12	17	0	743	3	1	0	11	12	14	0	565	60	61	0	43
19:20:00	69600	84	90	0	1469	0	2	0	111	6	25	0	724	4	0	0	15	12	13	0	564	62	50	0	55
19:25:00	69900	75	85	0	1459	0	1	0	110	11	18	0	717	1	1	0	15	11	9	0	566	52	56	0	51
19:30:00	70200	93	104	0	1448	0	3	0	107	15	16	0	716	0	5	0	10	14	14	0	566	64	66	0	49
19:35:00	70500	72	80	0	1440	0	0	0	107	8	21	0	703	1	1	0	10	16	5	0	577	47	53	0	43
19:40:00	70800	75	84	0	1431	0	1	0	106	9	17	0	695	1	3	0	8	6	11	0	572	59	52	0	50
19:45:00	71100	99	104	0	1426	0	0	0	106	17	21	0	691	1	2	0	7	16	18	0	570	65	63	0	52
19:50:00	71400	85	101	0	1410	0	2	0	104	12	21	0	682	2	2	0	7	10	11	0	569	61	65	0	48
19:55:00	71700	118	125	0	1403	0	2	0	102	23	37	0	668	0	1	0	6	11	6	0	574	84	79	0	53
20:00:00	72000	65	102	0	1366	0	1	0	101	7	33	0	642	0	2	0	4	10	6	0	578	48	60	0	41
20:05:00	72300	50	88	0	1328	0	0	0	101	1	20	0	623	0	1	0	3	5	21	0	562	44	46	0	39
20:10:00	72600	18	46	0	1300	0	2	0	99	0	5	0	618	0	3	0	0	2	5	0	559	16	31	0	24
20:15:00	72900	8	19	0	1289	0	0	0	99	0	5	0	613	0	0	0	0	0	3	0	556	8	11	0	21
20:20:00	73200	27	42	0	1274	0	1	0	98	1	20	0	594	0	0	0	0	2	1	0	557	24	20	0	25
20:25:00	73500	35	64	0	1245	0	1	0	97	4	24	0	574	0	0	0	0	0	3	0	554	31	36	0	20
20:30:00	73800	28	59	0	1214	0	3	0	94	2	19	0	557	0	0	0	0	1	0	0	555	25	37	0	8
20:35:00	74100	26	40	0	1200	0	0	0	94	1	20	0	538	0	0	0	0	1	2	0	554	24	18	0	14
20:40:00	74400	21	41	0	1180	0	2	0	92	1	17	0	522	0	0	0	0	0	0	0	554	20	22	0	12
20:45:00	74700	33	54	0	1159	0	1	0	91	3	21	0	504	0	0	0	0	2	2	0	554	28	30	0	10
20:50:00	75000	42	65	0	1136	0	4	0	87	1	15	0	490	0	0	0	0	2	19	0	537	39	27	0	22
20:55:00	75300	41	66	0	1111	0	6	0	81	1	11	0	480	0	0	0	0	5	14	0	528	35	35	0	22
21:00:00	75600	62	92	0	1081	0	2	0	79	4	26	0	458	0	0	0	0	5	19	0	514	53	45	0	30
21:05:00	75900	49	82	0	1048	0	1	0	78	6	28	0	436	0	0	0	0	2	4	0	512	41	49	0	22
21:10:00	76200	26	60	0	1014	0	6	0	72	0	19	0	417	0	0	0	0	1	0	0	513	25	35	0	12
21:15:00	76500	27	51	0	990	0	3	0	69	0	23	0	394	0	0	0	0	1	0	0	514	26	25	0	13
21:20:00	76800	13	32	0	971	0	0	0	69	0	13	0	381	0	0	0	0	0	0	0	514	13	19	0	7
21:25:00	77100	11	23	0	959	0	1	0	68	0	10	0	371	0	0	0	0	0	0	0	514	11	12	0	6
21:30:00	77400	14	28	0	945	0	3	0	65	1	9	0	363	0	0	0	0	0	0	0	514	13	16	0	3
21:35:00	77700	11	21	0	935	0	0	0	65	0	11	0	352	0	0	0	0	0	0	0	514	11	10	0	4
21:40:00	78000	12	19	0	928	0	1	0	64	0	11	0	341	0	0	0	0	0	0	0	514	12	7	0	9
21:45:00	78300	8	19	0	917	0	0	0	64	1	6	0	336	0	0	0	0	0	0	0	514	7	13	0	3
21:50:00	78600	10	17	0	910	0	1	0	63	1	7	0	330	0	0	0	0	0	0	0	514	9	9	0	3
21:55:00	78900	3	8	0	905	0	0	0	63	0	3	0	327	0	0	0	0	0	0	0	514	3	5	0	1
22:00:00	79200	5	7	0	903	0	0	0	63	0	3	0	324	0	0	0	0	0	2	0	512	5	2	0	4
22:05:00	79500	5	13	0	895	0	1	0	62	0	4	0	320	0	0	0	0	0	0	0	512	5	8	0	1
22:10:00	79800	2	3	0	894	0	0	0	62	0	1	0	319	0	0	0	0	0	0	0	512	2	2	0	1
22:15:00	80100	8	14	0	888	0	1	0	61	0	7	0	312	0	0	0	0	0	0	0	512	8	6	0	3
22:20:00	80400	6	11	0	883	0	1	0	60	0	4	0	308	0	0	0	0	1	0	0	513	5	6	0	2
22:25:00	80700	6	10	0	879	0	0	0	60	1	4	0	305	0	0	0	0	0	0	0	513	5	6	0	1
22:30:00	81000	1	3	0	877	0	0	0	60	0	1	0	304	0	0	0	0	0	0	0	513	1	2	0	0
22:35:00	81300	4	7	0	874	0	0	0	60	0	4	0	300	0	0	0	0	0	0	0	513	4	3	0	1
22:40:00	81600	5	10	0	869	0	0	0	60	0	5	0	295	0	0	0	0	0	0	0	513	5	5	0	1
22:45:00	81900	9	16	0	862	0	0	0	60	0	9	0	286	0	0	0	0	0	0	0	513	9	7	0	3
22:50:00	82200	9	19	0	852	0	0	0	60	0	9	0	277	0	0	0	0	0	0	0	513	9	10	0	2
22:55:00	82500	16	20	0	848	0	0	0	60	0	3	0	274	0	0	0	0	2	11	0	504	14	6	0	10
23:00:00	82800	3	11	0	840	0	2	0	58	0	1	0	273	0	0	0	0	0	0	0	504	3	8	0	5
23:05:00	83100	0	3	0	837	0	0	0	58	0	0	0	273	0	0	0	0	0	0	0	504	0	3	0	2
23:10:00	83400	2	5	0	834	0	0	0	58	0	2	0	271	0	0	0	0	0	0	0	504	2	3	0	1
23:15:00	83700	1	2	0	833	0	0	0	58	0	1	0	270	0	0	0	0	0	0	0	504	1	1	0	1
23:20:00	84000	0	1	0	832	0	0	0	58	0	0	0	270	0	0	0	0	0	0	0	504	0	1	0	0
23:25:00	84300	0	0	0	832	0	0	0	58	0	0	0	270	0	0	0	0	0	0	0	504	0	0	0	0
23:30:00	84600	0	0	0	832	0	0	0	58	0	0	0	270	0	0	0	0	0	0	0	504	0	0	0	0
23:35:00	84900	52	57	0	827	0	1	0	57	1	3	0	268	0	0	0	0	6	39	0	471	45	14	0	31
23:40:00	85200	38	65	0	800	0	0	0	57	0	4	0	264	0	0	0	0	1	33	0	439	37	28	0	40
23:45:00	85500	5	40	0	765	0	2	0	55	0	2	0	262	0	0	0	0	0	0	0	439	5	36	0	9
23:50:00	85800	7	16	0	756	0	0	0	55	0	6	0	256	0	0	0	0	0	0	0	439	7	10	0	6
23:55:00	86100	7	13	0	750	0	0	0	55	0	6	0	250	0	0	0	0	1	0	0	440	6	7	0	5
24:00:00	86400	7	16	0	741	0	1	0	54	0	6	0	244	0	0	0	0	0	0	0	440	7	9	0	3
24:05:00	86700	20	26	0	735	0	3	0	51	0	4	0	240	0	0	0	0	5	8	0	437	15	11	0	7
24:10:00	87000	22	30	0	727	0	1	0	50	1	5	0	236	0	0	0	0	4	9	0	432	17	15	0	9
24:15:00	87300	35	57	0	705	0	6	0	44	0	5	0	231	0	0	0	0	1	22	0	411	34	24	0	19
24:20:00	87600	7	24	0	688	0	4	0	40	0	3	0	228	0	0	0	0	0	0	0	411	7	17	0	9
24:25:00	87900	0	3	0	685	0	0	0	40	0	0	0	228	0	0	0	0	0	0	0	411	0	3	0	6
24:30:00	88200	1	3	0	683	0	0	0	40	0	1	0	227	0	0	0	0	0	0	0	411	1	2	0	5
24:35:00	88500	13	15	0	681	0	1	0	39	0	1	0	226	0	0	0	0	0	11	0	400	13	2	0	16
24:40:00	88800	31	48	0	664	0	2	0	37	0	10	0	216	0	0	0	0	3	15	0	388	28	21	0	23
24:45:00	89100	120	156	0	628	0	3	0	34	3	13	0	206	0	0	0	0	14	83	0	319	103	57	0	69
24:50:00	89400	40	96	0	572	0	0	0	34	3	14	0	195	0	0	0	0	2	17	0	304	35	65	0	39
24:55:00	89700	22	55	0	539	0	2	0	32	1	16	0	180	0	0	0	0	1	1	0	304	20	36	0	23
25:00:00	90000	20	40	0	519	0	1	0	31	2	15	0	167	0	0	0	0	0	0	0	304	18	24	0	17
25:05:00	90300	24	55	0	488	0	1	0	30	0	23	0	144	0	0	0	0	0	0	0	304	24	31	0	10
25:10:00	90600	19	43	0	464	0	0	0	30	1	17	0	128	0	0	0	0	0	0	0	304	18	26	0	2
25:15:00	90900	19	29	0	454	0	1	0	29	0	18	0	110	0	0	0	0	0	0	0	304	19	10	0	11
25:20:00	91200	78	107	0	425	0	9	0	20	3	21	0	92	0	0	0	0	8	33	0	279	67	44	0	34
25:25:00	91500	120	163	0	382	0	7	0	13	3	28	0	67	0	0	0	0	12	67	0	224	105	61	0	78
25:30:00	91800	92	164	0	310	0	2	0	11	0	19	0	48	0	0	0	0	6	61	0	169	86	82	0	82
25:35:00	92100	167	249	0	228	0	10	0	1	3	23	0	28	0	0	0	0	37	87	0	119	127	129	0	80
25:40:00	92400	55	124	0	159	0	0	0	1	1	18	0	11	0	0	0	0	5	29	0	95	49	77	0	52
25:45:00	92700	18	47	0	130	0	1	0	0	0	5	0	6	0	0	0	0	5	6	0	94	13	35	0	30
25:50:00	93000	7	25	0	112	0	0	0	0	0	3	0	3	0	0	0	0	1	3	0	92	6	19	0	17
25:55:00	93300	1	9	0	104	0	0	0	0	0	1	0	2	0	0	0	0	0	0	0	92	1	8	0	10
26:00:00	93600	4	10	0	98	0	0	0	0	0	2	0	0	0	0	0	0	2	0	0	94	2	8	0	4
26:05:00	93900	0	3	0	95	0	0	0	0	0	0	0	0	0	0	0	0	0	0	0	94	0	3	0	1
26:10:00	94200	0	1	0	94	0	0	0	0	0	0	0	0	0	0	0	0	0	0	0	94	0	1	0	0
26:15:00	94500	0	0	0	94	0	0	0	0	0	0	0	0	0	0	0	0	0	0	0	94	0	0	0	0
26:20:00	94800	0	0	0	94	0	0	0	0	0	0	0	0	0	0	0	0	0	0	0	94	0	0	0	0
26:25:00	95100	0	0	0	94	0	0	0	0	0	0	0	0	0	0	0	0	0	0	0	94	0	0	0	0
26:30:00	95400	0	0	0	94	0	0	0	0	0	0	0	0	0	0	0	0	0	0	0	94	0	0	0	0
26:35:00	95700	0	0	0	94	0	0	0	0	0	0	0	0	0	0	0	0	0	0	0	94	0	0	0	0
26:40:00	96000	0	0	0	94	0	0	0	0	0	0	0	0	0	0	0	0	0	0	0	94	0	0	0	0
26:45:00	96300	0	0	0	94	0	0	0	0	0	0	0	0	0	0	0	0	0	0	0	94	0	0	0	0
26:50:00	96600	0	0	0	94	0	0	0	0	0	0	0	0	0	0	0	0	0	0	0	94	0	0	0	0
26:55:00	96900	0	0	0	94	0	0	0	0	0	0	0	0	0	0	0	0	0	0	0	94	0	0	0	0
27:00:00	97200	0	0	0	94	0	0	0	0	0	0	0	0	0	0	0	0	0	0	0	94	0	0	0	0
27:05:00	97500	0	0	0	94	0	0	0	0	0	0	0	0	0	0	0	0	0	0	0	94	0	0	0	0
27:10:00	97800	0	0	0	94	0	0	0	0	0	0	0	0	0	0	0	0	0	0	0	94	0	0	0	0
27:15:00	98100	0	0	0	94	0	0	0	0	0	0	0	0	0	0	0	0	0	0	0	94	0	0	0	0
27:20:00	98400	0	0	0	94	0	0	0	0	0	0	0	0	0	0	0	0	0	0	0	94	0	0	0	0
27:25:00	98700	0	0	0	94	0	0	0	0	0	0	0	0	0	0	0	0	0	0	0	94	0	0	0	0
27:30:00	99000	0	0	0	94	0	0	0	0	0	0	0	0	0	0	0	0	0	0	0	94	0	0	0	0
27:35:00	99300	0	0	0	94	0	0	0	0	0	0	0	0	0	0	0	0	0	0	0	94	0	0	0	0
27:40:00	99600	0	0	0	94	0	0	0	0	0	0	0	0	0	0	0	0	0	0	0	94	0	0	0	0
27:45:00	99900	0	0	0	94	0	0	0	0	0	0	0	0	0	0	0	0	0	0	0	94	0	0	0	0
27:50:00	100200	0	0	0	94	0	0	0	0	0	0	0	0	0	0	0	0	0	0	0	94	0	0	0	0
27:55:00	100500	0	0	0	94	0	0	0	0	0	0	0	0	0	0	0	0	0	0	0	94	0	0	0	0
28:00:00	100800	0	0	0	94	0	0	0	0	0	0	0	0	0	0	0	0	0	0	0	94	0	0	0	0
28:05:00	101100	0	0	0	94	0	0	0	0	0	0	0	0	0	0	0	0	0	0	0	94	0	0	0	0
28:10:00	101400	0	0	0	94	0	0	0	0	0	0	0	0	0	0	0	0	0	0	0	94	0	0	0	0
28:15:00	101700	0	0	0	94	0	0	0	0	0	0	0	0	0	0	0	0	0	0	0	94	0	0	0	0
28:20:00	102000	0	0	0	94	0	0	0	0	0	0	0	0	0	0	0	0	0	0	0	94	0	0	0	0
28:25:00	102300	0	0	0	94	0	0	0	0	0	0	0	0	0	0	0	0	0	0	0	94	0	0	0	0
28:30:00	102600	0	0	0	94	0	0	0	0	0	0	0	0	0	0	0	0	0	0	0	94	0	0	0	0
28:35:00	102900	0	0	0	94	0	0	0	0	0	0	0	0	0	0	0	0	0	0	0	94	0	0	0	0
28:40:00	103200	0	0	0	94	0	0	0	0	0	0	0	0	0	0	0	0	0	0	0	94	0	0	0	0
28:45:00	103500	0	0	0	94	0	0	0	0	0	0	0	0	0	0	0	0	0	0	0	94	0	0	0	0
28:50:00	103800	0	0	0	94	0	0	0	0	0	0	0	0	0	0	0	0	0	0	0	94	0	0	0	0
28:55:00	104100	0	0	0	94	0	0	0	0	0	0	0	0	0	0	0	0	0	0	0	94	0	0	0	0
29:00:00	104400	0	0	0	94	0	0	0	0	0	0	0	0	0	0	0	0	0	0	0	94	0	0	0	0
29:05:00	104700	0	0	0	94	0	0	0	0	0	0	0	0	0	0	0	0	0	0	0	94	0	0	0	0
29:10:00	105000	0	0	0	94	0	0	0	0	0	0	0	0	0	0	0	0	0	0	0	94	0	0	0	0
29:15:00	105300	0	0	0	94	0	0	0	0	0	0	0	0	0	0	0	0	0	0	0	94	0	0	0	0
29:20:00	105600	0	0	0	94	0	0	0	0	0	0	0	0	0	0	0	0	0	0	0	94	0	0	0	0
29:25:00	105900	0	0	0	94	0	0	0	0	0	0	0	0	0	0	0	0	0	0	0	94	0	0	0	0
29:30:00	106200	0	0	0	94	0	0	0	0	0	0	0	0	0	0	0	0	0	0	0	94	0	0	0	0
29:35:00	106500	0	0	0	94	0	0	0	0	0	0	0	0	0	0	0	0	0	0	0	94	0	0	0	0
29:40:00	106800	0	0	0	94	0	0	0	0	0	0	0	0	0	0	0	0	0	0	0	94	0	0	0	0
29:45:00	107100	0	0	0	94	0	0	0	0	0	0	0	0	0	0	0	0	0	0	0	94	0	0	0	0
29:50:00	107400	0	0	0	94	0	0	0	0	0	0	0	0	0	0	0	0	0	0	0	94	0	0	0	0
29:55:00	107700	0	0	0	94	0	0	0	0	0	0	0	0	0	0	0	0	0	0	0	94	0	0	0	0
30:00:00	108000	0	0	94	0	0	0	0	0	0	0	0	0	0	0	0	0	0	0	94	0	0	0	0	0
30:05:00	108300	0	0	0	0	0	0	0	0	0	0	0	0	0	0	0	0	0	0	0	0	0	0	0	0
